INDEX.

1103411 de Hengsteworde, 11111141-
mus lilius, 159.
1103411 11414 Ν40410011, Alioia 01101,
11034104, 114, 138139, 184, 909,
958, 970, 973, 990, 991,
330, 351, 309, 379, 414,
414, 411, 441, 444.
11034104 Clericus, 373.
11034104 Comes, 985.
11034104 Episcopus Coventriensis,
Rogerus Senesoallus, 271.
11034104 01104 1111041111, 919.
11034104 011114 111401, 171.
Rogerus 011114 mardi, 949.
11034104 01104 11104111, 938.
11034104 01104 Alnoti, 909.
11034104 01104 11101101, 119, 198.
11034104 lilius Augori, 317, 318,
11034104 01104 Anni, 343.
11034104 01104 Β41111010111141, 936,
11034104 01104 11110101, 193.
11034104 01104 Ε14141111, 140, 141,
11034104 01104 (11104111, 996, 963,
11034104 01104 Godwi, 61.
11034104 01104 Gospatrio, 10.
11034104 01104 11401101, 139.

11034104 01104 Ηο30011, 959, 978, .

985, 385.

11034104011040010111111, 75. .

11034104 01104 10114114, 199.
11034104011114 10040410, 181.
11034104 01104 Milonis, 91.
11034104 111104 Nioholni, 995, 987,
11034104 01104 0111401411, 979.
11034104 111104 Ρ43401, 401.
1103411140ου4 Ρ4111, 37, 167, 969.
11034104 01104 114101301908, 355.
11034104 011114 11401101, 4.
11034104 011114 11411, 9.
110341114 011114 114101411, 95.
11034104 01104 1140401111, 126.
Rogerus 01104 1110111111, 181, 940,
959, 989, 369, 370.

579

11034104 01104 11004111, 95, 64,
111, 195, 198, 930, 933,
949, 990.
11034104 01104 1103411, 966.
11034104 01104 3401340014, 251.
Rogems 01104 serlonis, 225.
11034104 01104 81114411, 994.
11034104 01104 Simonis, 269.
11034104 filius Siwardi, 193.
1103410401104 Sueini, 171.
11034104 011114 Το131411, 186.
11034104 01104 11411411, 138.
11034104 111104 11410411, 954.
11034104 01104 1111114001, 108, 111,
149, 141141, 332, 414,
0034004331141111041111, 415.
11034104 14 Β13ο11, Comes, 337,
110340131011000004 114 suff,
110341041110111111400004, 33,
11034101111104 Nicolni filii Roberti,
11030101 2lilius Ricardi le Meroiei,
[10341011201104 Stephani Tirei,
Rogemsuilius Wsslielmi 1141041,
11034111411111114 .......... 34.
11034104 linter Gernrdi de Cmnvill,
11034101214141 1143104101 114 Ar·
11034101111141011111141101 114 Μ40·
11403411, 955.
11034104 frater .......... 399.
110344, Simon 114, 17, 946.
110344, Simon filius, 16, 17,
110344, 1111114100 114, 394.
1103οο14, 111111411004 iilius, 378.
110 414 01101 1101140111, 396.
Roheise‚ Prior de Cruoe, 359.
1101141414410114111111411111114Τ41414,
110000319114111411004 114, 150.
110144, 199.

roingo, 114 feodum n, 441.

ΡΗ ¹

 

