189

0116666, 16116 111, 374. 01166661, 1111116111166 66, 974.
0116661, 0611116116 66, 90, 96. 0116166666, 1161161166 66, 55.
Chauz, 1166616666, 936. 01166611111111611116666, 903.
0116116161, 16116111, 76. Cheueiingewuide, Hemicus de, et
Chechel, Elias, 394. Η6611666 filius ejus, 116.
011666, 1116111666, 998. 0116616, Willielmus filius 06111161,
011666166116616, 1116666, 300. 94.

0116666161, 011666661611, Η61161166 0116616661, vali de, 367.

66, 975, 393. 01116616161,11”6116166, 188
0116111616, 16116, 816111, 80, 490. 01111111611616, Adam 66, 115.
0116111, 116116116616, 988. 0166116616, willielmus de, 115.
0661666611, Radulphus 66, 179. 0111616161661616, burgus de, 999.
0116116116116, Hugo 66, 79. 0111666166, 1116116166, 164.
0116161616, 16116, 816. 16, 39, 81. 0111661616, 666611 apud, 995.
0116161616, 16616 66, 39. 011116 ....... 1166111666 66, 158.
0116161616, Lucas 66, 81. 0111166, Simon de, 149.
0116166666, 1111116666 (16, 44. 0111161661616, Η61111666 66, 149.
0116116616, 6166611661 66, 436. 0111161116, 0116111666 66, 156.
0116166161616, hundredum de, 999, 0111116, redditus in, 309.

999. 0161161616, terra de, 495.
0116166,Α61(6111166, 967. 0116161661, 1166616666666, 495.
01166111661161, terra in, 5. 01111166, 1161161166 66, 133.
01161161, 1166616666, 198. 01111616, Elia del, 181.

· 01161111( 616, Prior de, 499. Chininge, Adam 66, 141.
011616, 1116611666 66, 105. 01111116116661661666, 317.
0116111616, Thomas de, 193. 011166111οηί161, Μ6111166 66, 996.
0116111661116, Thomas de, 199. 011166111οῆ, Germanus de, 499.
0116161111οῆ, 1161161166 filius 11166161 0111611666, 1161166666, 435.

66, ll. 01116161, terra, 816. in, 449.
0161611616, 6111166 66, 130. 0111661, Magister Helias 66, 3.
01616661661611611116666, 140. chinni, 0116166666, 197.
0116166111, 1166616166 66, 941. 01116111, 01111111111111116111166 66174,
0116166111, 1111116166 66, 941. 197.
0116118ξ, Adam de, 8. 01116111, Sarra 11116 willielmi 66,

01161611οῆ, Rogerus de, 79. 379.

0116116611, 1611611666 66, 999. Chivilli, 1111161666, 122.

0116111666616666616616166, 940. ’ Cholle, Absolon, pater Absolonis,

0116111, term in, 353. ,396

0116116166, terra in, 434. 0116161666, 1116116166, 193.

011611666616666111111, 383. Chou’n, 1166616666, 936.

0116116666, pratum in, 366. 0111161166, walterus, 937.

Chermin, Judaeus, 79. Christianae, Philippus 111166, 306,

Chen-ine, Philippus 0616161166 66 333.

ii„ 116. (v. 66661666)

01161616, 1116111666 66, 938. Cibi, willielmus, 113.

0116661, 1611661166, 994. 0166611, eeclesia 8611666 Trinitatis,

0116616111, Rogerus Presbiter de, 12.

194. 0166611, Episcopus, 12.
0116611111, 16116, 816. 16, 355. 0166611, 11666666 61 0611611111 66,
0116611111, Askillus-de, 355. 343, 350.

 

