INDEX.

,3 111661666116161 Hugonis 061611, 11161666, Prior 66, 450.

442. 11161611,16116,316.111, 66.

,Ι 111661666 116161 1166611 16 Cum, 1111616, 1166616666 66 16, 81.

176. 1111616, Rogerus 6616, 395.

’ 1116111666 116161 11166161Τ611661, 11661611666116661166, 391.

160. 11666111, 1661666 6116, 442.

’ 11166166611616111611611 66 Β6661- 11666111, Alanus filius, 53.

166, 421. 11666111, 61661166 61166, 303.

’ 11166166611616111111116111116111116- 1166611161. .. 61166, 215.

661661, 256. 11666111, 1111661166 61166, 287.
11166166611616111111161161 de Hole- Roberti, Clemens filius, 228.

1611111, 243. 11666111, Eudmundus 61166, 102.
111661666661611111111611616166611611 11666111, Fuloho filius, 298.

66Ρ161116166,9. 11666111, (1161111666, (16661666,

Ι 1116111666 11616111111161611 Prosae, . 61166, 103, 269, 270.

160. 11666111, (1116661166 filius, 186,

’ 1111161666 nepos Thomas 66 3116- 198, 200, 230, 286.

6166, 867. 11666111, Η661166661166, 255, 298,
111661666 44366161 11666111661161166, 304, 364, 413, 453.
11666111, Η1166 61166, 192.
1116111666 111 366111616 1161161, 11666111, Η611111666 61166, 64.
381. 11666111,.16666666 61166, 42, 151,

mordas vir 166616 16116111 661, 166, 616, 355, 396. ’

1611, 367. 11666111, Ν16661666 61166, 411.
11166661666,116,252.11666111,Ρ6116661166,293
1116116166 1166611116 66 8611166661, 11666111, Philip pus 61166, 144, 307.

l. Roberti, 1166616666 61166, 24, 124,
11166616661166111111611111, 267. 172, 243, 299, 340, 445.
Richinhale, Hugo filius Roberti de, 11666111, Reginaldus filius, 151,
1116666, 121. 11666111111661666 61166, 91, 121,
1116,1111116111166, 187. 223, 247, 250, 273, 297,
11166666166, ...... de, 85. ’ 332.

1116611, 1166611116, 283. 11666111, 116661166 61166, 34,105,
1116661616, 1111116666666, 327. 117, 178, 220, 221, 230,
1116616616, (1661111166, 99. 241, 305, 311, 443.
1116611616, 1106611666 66, 323. 11666111, 11666166 61166, 25, 64,
11161,1111116111166,258 lll, 125,128,230, 233,
111666, 1166616 666, 272. 249, 290.

1116616, 1100611666 66, 61631166 11666111,81166661166, 81.

61161 ejus, 419. 11666111, Thomas 61166, 232, 269,
11 ge, 1161161116, 230. 280, 409.

1111666666, Η68666, 399. 66661611116666 61166, 186.
11116, Johannes de, 132. 11666111, walterus 61166, 116, 123,
1116616, Willielmus 66, 308. 172, 221, 229, 292, 326.
11161166, Abest de, 310. 11666111, 1116116166 61166, 61 Μ611166
11166, Adam de, 95. uxor ejus, 20, 21, 22, 122,
1116661, 16116816. m, 437. 353.

1116111666, Rogemsds, 317. 11666111, warinus 61166, 115, 122.
Rising, 1166616666, 373. 11666111, Wibertus filius, 332.

 

