570 15551.

1150515555 filius Edwardi, 182. 1150515555 filius walteri, 366,
1150515555 111155 Galfridi, Gaufridi, 435.

106, 107, 119, 269, 371, 1150515555 111155 wigaifi, Wignni,

382, 437. 20, 143, 347, 348.
11555515555 61155 (1515101, 447. 1150515555 filius willielmi, 120,
nadulphus filius Gsseberti, 153, 555, 517, 555, 555, 555,

175. 575, 555, 555 555 55 i
1150515555111155 Η5155155, 20. 420.
115051555511555515555111155Η55· 1150515555 111155 Willwini, 246.

rici, 119, 299. 1150515555111155151115155, 369.
1150515555 111155 11515510, 400 1150515555 55151 111155, 56.
1150515555 111155 Herlewiii, 20. 1150515555 55151 Godefridi, 19.
1150515555 511551155551529, 200, 1150515555 5515111 1115, 409.

4554514011 Radulphus pater w· 551, 115.
1150515555 111155 Jacobi, 299. 1150515555 vir Amiciae, 170 ’
1150515555 111155 Johannis, 360, liudulphus 111155 115051551 611
1150105555 111155 Ingulfi, 428 1150515555 1111115 Ailwini Pinoernn
nannusfinus nanneni, 332. 215. i
1150515555 1111115 Mathaei, 152, 1150515555 filius Bartholomaeide

169. Wnlsinham, 316.
1150515555111155 Μ5151, 190. 1150515555 111155 115551 0511151111,
1150515555111155 Nicolai‚ 232. 123.

1155515555 filius Pagani, 135, 1150105555111155 1111051551 desii
15155555 515512551, 33. 1555555515 1515555115· ¹
1155551155 filius Philippi, 227. tel, 102.

1150515555 111155 115051551, Ran- 1155111155 filius Roberti 0555115

051551, 1155551551, 32, 139, 397.

145, 246, 240, 249, 255, 1150515555 filius Roberti 011111·

555, 575, 302, 335, 574 weg, 155.

392. 1150515555 111155 Warneri 051155
1150515555 filius Reginaldi, 150, 110.

152. 1150515555111155 Wiliielmi de 1111
1150515555 filius 11515511, 41. 169. ..
115051551511115511155101,117,104, 1150515555 115151 Godefn'di fflfl

mmmmffi Η
11505151155 111155 11555111, 24, 124, 442.

175, 515, 229, 55, 445. Radulphus frater 11156 155·
1150515555 111155 Rngeri, 149, 243, 111, 421.

342. 1151155, 1115111055, 76.

1150515555 filius Simonis, 49, 437. 11555051, Stephanus, 419.
1150515555 filius Stephani, 22, 1155555111, Alexander 05, 313
23 115115551550515111, 93

1150515555111155 Τ5501151, 100. 11511555, Η51551555 de, 93
1515555555 1555555, 323. 5555, wilielmus 5, 525171
1150515555 filius Thurla‘c‘, Turlac, 319.

228, 236. 115155, 1155511115 filius, 32⁵.
115051555501155 Ungui, 236. . 1151555131155, 207.

 

