186

001111000001111100, Petrus, 223,
00111111, 0111111601, 113.
001010, Willielmus de, 79.
001600, 1166010101 60, 173.
Cordefin, 1110016111, 362.
00110106, terra de, 26.
00111061006010, 22.
0011001601, 1110110101 60, 268.
0011001601, 001100161111110160, ll,
0010011011, Willielmus de, 129,
001011, 1101101101 60, 436.
001011011, Augot de, 285.
00101116 101 00101106, Henricus,
Ηο1011001, 60, 14, 380.
0010111610] 00101101, 6060111601
60, 184.
00101116, 0010011011, Radulphus 60,
01 uxor ejus, 318, 349.
0011111111, 0010011111, 101 00106011,
6011001601 60, 14, 226,
231, 249, 268, 423.
0010601011, 060 60, 257.
0010110106, 1161606001 60, 267.
00100610, 001006, 810, 72, 86,
118, 128, 247, 250, 265,
274, 336, 373, 374, 443.
0011001, Johannes 60, 257.
0011106, Radulphus de, 344.
00110, 1116106001, 105.
0011016, 01110101, 123.
001100110,00011160160, 396.
00110060, Willielmus de, 24, 404.
001100ῑο0, 60110101 (10, 277.
0010, David, 261.
0010011010, 011011 apud, 272.
0010011010, 1011110001 110, 272.
0010011010, Nichol 60, 272.
0010011010, 1101101111 60, 272.
00101011, willielmus, 227, 302.
00101,ζο610001100011060101000101110
60, 375, 378.
00101, 1011010, 18.
00101, 0001060160, 0180110 uxor
ejus, 245, 248, 335.
cotes, Samson de, 185, 328.
00101, 8011060, 248, 328. “
00101, 8111011001 60, 378.

INDEX.

00101, Simon de, 283.

cotes, cotis, walterus de, 253,
0060311016 ............ 60, 30.
0010116811ῐὸ0, 16001601 Persona 60,

00111001, 1160601001 60, 415.

0011011001, Nicholaus de, 104.

000010, Alicia de, 276.

000010, 1111606001 60, 246, 276.

000010, 1110110101 Clericus 60, 248,

0000101106, 6060111601 60, 320.

0000101106, (1001116111 filius 110601-
phi de, 320.

couno, 97, 90.

00101111, lib tenementum in, 66.

0010011, conventi, tenentes de ¹

baronia, 5, 6.
0010011, Consenti, 00000101, 3,
0001601101, Monaesi, 010
01 0001011101,Μο1101 Prior,
Coventi} 1160111101, prioratus 6
11010010, 3, 66, 67.
0010011, ecclesia, 3, 66.
0010011, Episcopus, 71.
0010011100111, Η. 110 11011001 Epis·
copus, 66, 67.
Coventriensis, Rogems Episcopus,
00100111110010011, wibert Succen-
00100111011116160, 238.
0111601οἓ260 Winton', Alexander,

Craftoii, 11060111110160, 97.
0101101016, 01001016, Simon 60,

278, 280.
0101106010,1101100160, 99.
0100101160, Gaufridus, Godefridus

60,178,185,187,194,282

316, 375.

0101001160, 0001660160, 01 Maria

uxor ejus, 403.
0101001160, 1166010101 60, 189,

0100110111, Willielrnus de, 217.

0101111016, 0601101101 60, 315. -

 

