Μ»

166611. 669

1160616111, Simon filius, 151, 255, 1160616111 06 (1611611, 1061161666

280, 298, 364. filius, 85.

1160616111, Stephanus filius, 227, 661166666616166161661616

302. 166, 320.
1160616111,111611166 111166, 129, 416. 1160616111 06106116, Thomas filius,
1160616111, Vielus filius, 245, 249. 124.

1166616111, Wiganus filius, 99. 1160616111 0611666, Thomas filius et
1160616111, Rannulphi, Ranulphi, 1166166,- 370.

111111616166111166, 145, 172, 1160616111 06 Litlington, Hugo

177, 185, 201, 217, 218, 111166, 371.

222, 226, 226, 262, 242, 1116661166 Micheledeifl, 1161116

246, 266, 266, 266, 270, 1111116667.

279, 282, 284, 295, 307, 1160616111 06 Ρ616111166, Willielmus

309, 310, 340, 366, 403 6111162.

417, 425, 432, 447. 1160616111 1116661600606111066111166,
116061611111111161111661116661Αο616 211.

uxor ejus, 256. 1160616111 06 6611166616 filius,
1160616111, Willielmus filius, et Ma· 379.

11106 66161 ejus, 319. 1160616111 0611166111, Hugo 111166,
1160616111, Willielmus 111166, 61 Μ6- 88.

11106 quae 1611 61161 ejus, 11606161ἐὶἰο611111161116111, 1161161166
1160616111, 1116666666111166, 173. 1160616111 06 1111161, 1160616666
1160616111, Johannes frater, 319. filius, 182.

1160616111, Margareta mater, 18. 116061611106 ...... 6166166, 0166111066
1160616111, 11616661ου6 66161, 352. 111166, 144.
1166661601, Willielmus 66161, 53, 1160616111 Ε61611111, Hugo frater,

357, 388. 365.

1160616111, Margareta uxor, 268. 1160616066, Rannulphus, 11611061-
1160616111, Μ611106 quae 1611 61161, 61166, 18, 29, 57, 75, 112,

351, 402. 120,·126, 133, 113, 161,
1160616111 filii Hugonis, Α11616 quae 166, 171, 176, 192, 251,

1611 uxor-et Hugo filius 256, 262, 270, 274, 293,

ejusdem, 406. 351, 402, 403, 408.
1160616111 11111 16111, 1160616666 Rannulphus Monachus, 140.

111166, 182. 11666616116611606166661111661106,
116061611111111 1160616111116116166 77, 286.

111166, 268. 11606161166111166Α11111611, 184.
1160616111 11111 Turla'c', Thomas 11606161166111166 111161111218.

111166, 228. 1160616666 filius Alani, 116.
1160616111, 1116116166 filius 116οι116111 1160616666 111166 Alexandn', 128.

filii, 268. 1160616666 filius Ascelini, 294.
1160616111, 116 erus 116161 Willi- Radulphus 111166 Α61161111, 172.

elmi ii, 425. 1160616666 111166 Amnis, 121.
1160616111, 1111161066 116161 willi- 116011161166 111166 Β6111161611161,264.

61161 11111, 256. 1160616666111166 Bernardi, 291.
Rannulphi de 0611666166, williel· 11606161166 filius 6616, 270.

11166 111166, 195. 1160616166 111166 Brieni, 405.
1160616111 06 Cave, 1116610116 111166, 11606161166111166 Edithae, 275.

314. , 11606161166111166110166, 235.

 

