INDEX.

Cattofi, terra, 116. in, 444.
0611611, 116691166 69, 114.
066699, 16666696 69 16, 261.
0669, Ρ91166 69, 166.

0669, 111661666 69, 166. ’
0661661, 966611 apud, 247·

. 066611611111191166669, 43.
0666916, 19116 69, 381.
0666919, 16666696 69, 381.
0666916, 1166613666 19, 121.
06661οῆ, 11639166 69, 21, 347,
0661611, 116691166 de, 304.
06669, 111661666 69, 266.

0666, 111961666 69, 243, 453.
0661,116691166 69, 91 Lucia quae
1611 uxor ejus, 83.

0661, 11639616 69, 149, 153, 279,
286, 397.

0661, 11669166 69, 91 Ρ196116 quae
1611 uxor ejus, 42, 80, 89,

Cave, (1661666666, 153.

Cave, 11196166669, 158.

Cave, 11196166616166 Radulphi de,

Cave, willielmus (16661116616169,

06196666, Gillbertus de, 96.

0611193, 0111961 69, 326.

0991116, 0661111666, 144.

099111611116 Η91191, 35, 36.

099111611116 Η6 6616, 399, 431.

0961116 616191 11961161, 393.

0991116 616191 1666911111, 427.

0991116 16619111111191611 119 86111163,

0991116 66161 1166616 69 0616619-
696, 444.

0991116 uxor Adae de sanford, 129.

0991116 uxor Henrici Ρο161, 256.

481

0991116 uxor ........., 242.
0991116 quae 1611 uxor ... ...639, 85.
09911119, 1111916 66191, 36.
09196116, 428.
091161, 1161111666 69, 30.
09116166, 091161, 11639166 69, 90,
09111611, 116691166 69, 271.
0911163, Adam de, 131.
09161611, Willielmus de, 120.
09119619, 9661961669, 386.
09119619, 091196916, 116666 69, 307,
342, 348, 386.
0961916661, 1166666 69, 161.
0961911611, 1911616, 325, 327.
0961191611, 1111616 de, 255, 432.
0961191611, 111169666669, 132.
Cesti, Comes, 43, 118, 119, 277,
288, 313, 335, 437.
0961116661, Τ619169 69, 176.
0666961916, 666611 apud, 245.
06616661, Ρ91166 69, 79.
011616661, 0691116111, Simon de, 79,
06616666, Μ66166 69, 237.
066166916, Ρ91166 69, 94.
0661666111661666, 301.
06619611166966911, 1116611166 69,
0666666963, Ν1661666, 367.
06661916116669Η9191616,116119166,
0666661, Η6691166 69 Μ6619, 402.
06661916961116116116, 264.
01166661, 1116611166, 232.
011639, 16666666, 422.
Chaper, 16666696, 421.
0661661961661, 06166 69, 238.
0661961916, advo& 6661116 69, 124.
0661611196, 0661691, 06611111, Η636
69, 319, 394.

0961116 uxor 16666616 69 661111, 066169196, Willielmus de, 409.

326.

chartres, Walterus de, 222.

0991116, 09911116, 61161 Radulphi filii Chaucumbe, Hugo de, 109, 112,

11136111, 1111339111, 1916166

1166613161 11133916, 20, 122.
0991116 uxor Warini de 8911611,
9611111111 6116111111 1116111

6911616161, 14, 15, 73.

1161. 0611. Rea. 1 1

128, 130, 429, 430.
0666666169,.166611696 69, 81 Ho-

619166 61161 ejus, 430.
0666696911, Ρ116169, 424.

0666161161, 966611 apud, 251.
0666116366116, Η9611966 69, 72

 

