574 INDEX.

Ricardus filius Bartholomaei, 2, 1116611166 01166 1111611111 231, 259,
11166111111111166 Basilii, 428. 1116611162681111161 81161111111, 91, 117,

6166161616 6611111, 166. 161, 666 611, 6111, ni, .

1116611166 01166 Β611111, 453. 273, 297, 332.
1116611166 filius Bertram, 304,ζ 1116611166 01166 Rogeri, 123, m ¹
413. 227, 300, 301, 315, 359,
1116611166 01166 Bigaii, 243. 385, 393, 415, 418
1116611166 01166 Con, 2. 1116611166 01166 Simonis, 266.
1116611166 01166 11616, 324, 346. 1116611166 01166 11161116, 62.
1116611166 01166 David, 165, 220, 1116611166 111166 Τ16116, 91278

235. 1116611166 01166 Τ61616111, 172
1116611166 01166 11616611, 230, 312. 1116611166 01166 11611611, 4611161,
1116611166 filius Edmnndi, 185. 364,

1116611166 filius Eilildae, 84. 1116611166 01166 warini, 298
1116611166 01166 Ε1661111, Ε1661111, 1116611166 01166 widonis, 283

227, 301. 1116611166 0116611111161161, 27, 31,
Ricardus 011116 86616611, 335. 70, 71, 73, 115, 131, 151,
1116611166111166 (16161111, 200, 201, 201, 240, 253, 263, 260

248, 251, 252. 292, 294, 297, 301, 3251 ¹
1111611166 01166 Godwini, 179. 345. ’
1116611166 01166 (1111116616, 110. 1116611166 111166 111111616ιί filii 0111-
1116611166 111166 Η6616616, 246, 249, 116616, 25, 91.

6111, 611, 111. Ricardus frater 6116 661.
1116611166 111166 Η661161, 211, 265, 1116611166 pater Albini, 415.

405, 415. 1116611166 pater Benedicti, 443
1116611166 111166 Η656111, 12, 178, 1111611166 pater Roberti, 56. .

183, 197, 239, 332, 428. 1116611166 Anglicus paterAdae, 1951
1116611166 01166 Η636616, 244. 196.

1116611166 01166 Johannis, 234. 1116611166 Ρ616666 116 0611611110
1116611166 01166 16111661, 16111661, 85.

123, 143. 1116611166 01166 111661111Τ1666 ffi
1116611166 111166 166116, 100. 1116611166 011116 Beatricis de 11616
111611611166 01166 Μ6111111116, 133. 616 1, 332.

1116611166 111166 Μ1161, 238. 1116611166 ius (11116561111161111
1116611166 01166 Ν16116161, 102, 118, 11611611, 432.

288. 1116611166 01166 Η6111161 de Clfflff»
1116611166 01166 Nigelli 112, 128, 70.

1611, 666 166. niardus 61116 pagani de 161.
1116611166 filius Normanni, 201. 112.

1116611166 01161 osberti, 69, 95. ’ 1116611166οΗ66 1161161611 deofl&
1116611166 01166 Ρ6111, 103, 270, 314.

6116666666 niardus nius 16666 de 611
1116611166 filius Philippi, 234, 274, 127.

279, 289. 1116611166 01166 willielmi 461111·
1116611166 01166 11611616511166616, 1611, 45.

116, 665, 666, 611, 611, niardus 61116 wilielmi 61116

309, 371, 382, 396, 412, 061161, 131,155‚17⁰.

437, 44⁶· Ricardus 116161 11161611 1411
1116611166 011116 116ςὶ661111, 259. 324.

 

