581

Sausei, 11511511556515, 266.

8555551511, 11565151155 65, 288.

855551, Ρ51155, 115.

855551, 111111511555, 294.

8115511511, 1151151155 65, 402.

8551515, 1151151155 65, 187, 243.

8551511, Ρ51155 65, 412.

8551511, 85515151111115111155 65, 309,
314, 412.

855155, 8551511, Ρ51155 115151 Wil-
lielmi de, 309, 314.

8551515, 1151151155 65, 42.

855155, Adam, 265.

8551555, 1115115155, 226.

855551151, 1351111655 65, 258.

Savari, Adam filins, 253.

8511511555 111155 Simonis, 36.

Saveini, Abbas de, 87.

851151, 304.

Say, Galfridus de, 129.

8511555115, Albinus de, 73, 190, 396.

855151, Hugo 65, 410.

855151, 8551111115, 11611511555 65,
128, 129, 410.

85515111, 15115 65, 33.

855155, 1151151155 65, 18.

855155, 11555155 (15, 18.

855151515, molendinum in, 90.

8551151, Gilebertus, 218.

85511511, 111111511555, 303.

8551551555, 555511 5556, 292.

8551551555, tenementum in, 368.

8551551555, Willielmus de, 292.

85553551, Willielmus de, 250.

8555511511, 1111565, 218.

85151511,1151151155 65, 268.

8551, Η51111555, 151.

8551, Hugo, 311, 379.

85511511, 1151655155565, 171.

85511511, 85511511, Lambertus de,
223, 224.

8551511, 1515555155 65, 223.

855155, Ηυῗο, 308

Scottus, 1111 11511555, 257.

8555516511, Willielmus de, 289.

8515551511, tenementum in, 66.

8511111511, (1111151155 65, 41.

scriptor, Rogemus, 151.

85155,Α6551, 204.

85155, 1155111655, 204.

INDEX.

851515111, terra de, 10.

851511, willielmus, 153.

8551551, 111551655 65, 281.

8551115165555, 220.

855155, Rogerus de, 142.

85511, 15165555, 214.

85115151, Gaufridus filius, 188.

85511515551111, tenementum in, 344.

Sebricteword, villata 65, 169.

85511, 1151151155, 251.

8551151516, (1511111655 65, 224.

8555, Magister Herbertus de, 97.

851516, 15115 15, 331.

851516, Reginaldus de, 330.

851156, 353.

855511115151155111155, 164.

Segarus, 304.

Segerus filius willielmi, 174.

Segge, walterus, 414.

8551515, Thomas de, 96.

851, Gaufridus de, 171.

Seie1·‚ 264.

85115, Hugo de, 327.

85115, messuogium, 815. 111 Parra,

85111511555555, 431.

851115,1151151155111155, 205.

8515551111, Hugo 65, 265.

Seinges, 115555151155 65, 130.

8511115155, Pogonus 65, 59.

8515516511, Willielmus de, 238,

8511556511, terrario, 52.

851111, Adam de, 26.

85165515, 8516551515, 55515515 65, 11,

8516551515, Reginaldus de, 108.

8515111, Abbas 65, 18.

8511516, Eustachius, Eustaeius, de,
204, 416.

8511151, Eustacius de, 187.

851555, Willielmus 111155, 161.

8511511, 5555115556, 133.

8511511, (15511555 65, 406.

8511511,1151151155 65, 121, 133.

8511511, dRobertus filius Sacerdotis
5, 121.

8111551155, 15115, 815. 15, 403.

855155, 236.

851555, 1151151155, 278, 445.

855155 filius 1151111111, 372.

 

