11661. 477

Brutofi, Stephanus, 291. Buekinghamscire, 816. - emat.

816, 11666, 1166116, 11661116, (16, 302, 303, 309, 315, 340,
, 242, 345, 438. 342, 343, 344, 349, 350,

816, Ranulphus (16, 430. 352, 355, 357, 361, 362,

’ Rus, 1116611116, 345. 369, 374, 381, 382, 383,

8166116118161161616, 194. 384, 387, 397, 399, 416,
81611, Alexander (16, 365. 419, 423, 424, 428, 430,
Μὼωω fflfflffifflffi

’ 81611661, 16611116 (16, 282. 448, 449, 452.

81616111, 8166111, - Τ1166611161116 8111,1716, 231.

Eborasensis, 6, 7. Bukingh, Willielmus de, 44, 335,
Buche‚ 286. 374, 423, 428.
8161611666, Willielmus de, 129. 811616616, 66616616 (16, 388.
8161661161, 16611161 16, 87.

8161161, 816611116161166666, 215,

217, 320.

· Buddebroc, 1666611161116, 43.

81116116, 81116616, Η136116, 371, 811611163161166666116, 278.
2 382, 437. Bulleburc, Andreas (16, 347.
» 81(16116,81(166116, 1161161116 111116 811166, Hugo, 403.
Hugonis (16, 437. 81161615, 8116111116, 207.
81611, 8161661116 (16, 416. 8111161611, 16116 in, 195.

;· 8161166, 816166, 8161, Henricus de, 81616166, 8161661611, 116116116 (16,

. 283, 284, 410. 180, 207.
81116, 1611611666, 269. 8111161611, willielmus Ρ66116 (16,

‚ Buhum‚ 116611616 (16, 324. 173.

Buhum‚ Matilds (16, 233, 265. 8166116, Alanus, 115.
81111, Christiana de, 178. Rus, Simon de, 225.
Builli, Johannes de, 242. 81111661, Radulphus de, 98.
811111,.1611611666(16,61066111611161 81111, Rogems, 435.
ejus, 3⁸26. 811116166, willielmus de, 364.

, 8111611611, 1161161116 (16, 118. “ 8111161, 816611116, 146.

8116611616, 166116, 816. 16, 31. 8111116, Reginsldus, 265.
81166118616116, 816. 16, 74. 8111116, 8611611116 (16, 273.
811166161181116166, 1611111116, 816. 8111116, 11636116, 292.

in, 331, 337, 382, 390, Burdun, willielmus 246, 249,

mm m
8116611611, 16116116, 329. 8616116611, 86161116 (16,· 97.
81161611, Hu ode, 355. 811611, Hugo filius, et Radulphus
81161611, 8811611116 (16, 134. 111116 ejus, 29.
8111161166, 666611 apud, 237. 81161, 811611, 1116611116, 245, 248.
Bukinghnmscire—Buckingh-Buk, Burel‚ Rugerus, 45.

816, 7, 15, 44, 49, 61, 96, 8116616116 16, 305, 385.

100, 220, 221, 222, 223, 81166, 1111616116, 180.

225, 227, 229, 231, 232, 81166, Andreas de, 181.

233, 234, 236, 239, 243, 81166, 8611611616116, 105.

245, 247, 248, 251, 255, 81166, Hugo (16, 181.

259, 260, 262, 264, 266, 81166, 1161161116 (16, 289.

271, 278, 289, 290, 291, 81166, Simon (16, 198, 199,

666, 661, 667, 666, 361, sures, walterus de, 166. ·

 

