INDEX. 589

5011010100 61100 50110110, 50110110, 501100000 110101 Ν1000101 6111 110-
100, 105. berti, 411.
50000000 61100 10010, 187. 50000000 110101 00100061 6111 Βο1-
50110000061100100000, 159. 001111, 360. ’
50000000 61100 Μο011110, 235, 50000000 110101 11οο0111 6111 110-
275. berti, 34.
Johannes filius Maugeri‚ 233. 500011000110101Το101001 (1011101011,
50000000 61100 Nicholai, 247, 416.
250. 50000000 00010 11001101 Wiard,
50000000 61100 Petri, 402. 122.
50001100061100 Ρ100011011, 162. 50000000 110100 Ρο111 110 Ηο11,
50000000 61100 1101101001, 119, 265, 376.
270, 324, 405. 50000000 00100 11οο0101 uxoris Ro-
501100000 6110011000111,42, 151, geri, 241.
202, 232, 233, 355, 396. 501100000 Mercator de Sancto Al-
501100000 61100 1100011, 167, 275. 0000, 158.
50000000 61100 8001010010, 243. 50000000 Monachus de Sancto Al-
50000000 filius Stephani, 165. bano, 239. .
50000000 61100 11101000, 42, 151. 50000000 Monachus de 81001οξ,
50000000 61100 Τοο101111, Το101111, 397.
234, 300. 50000000 senescallus 1101010163,
50000000 61100 Τ11100101, 287. 72.
501100000 61100 1110110101, 212. 501ιο0010, Benedictus 61100, 240.
50000000 61100 willielmi, 121, 207, 50000010, (1001111100 61100, 279.
292. 50000010, (1110001100 61100, 278.
50000000110101 1101101001, 319. 500011010, 50000000 61100, 149,167,’
50000000 110101 110 011, 204. 220, 302.
50000000 pater G Ι1110, 447. 50110001050111000061100, 105.
5000111100 0010150000010, 378. 50000010, Lucas 61100, 87, 134.
50000000 pater willielmi, 141. 50000010, Ρο1100 61100, 187.
50000000 61100 Gileberti (10111110, 50000010, 1106010000 61100, 360,

50000000 filius Godefridi de 110100- 500001110, 1110011100 filius, 234.
1101, 240. = , 50000010, 11οο01100 61100, 296, 325,

5011110000 61100 Hugonis 110ῑο1011, 328.
231. 50000010, ’100000111οε 61100, 92.
50000000 61100 11100161 110 Lide· 500001110, Thomas filius, 172, 446.
ford, 86. 50000010, Walterus filius, 109.

50000000 61100 11000111 110 Βο1105, 5οο00010, Warinus filius, 155.
179. 50000010, willielmus filius, 93, 158,

500011000 61100 walteri 6111 Ηο1- 220, 256, 266, 296, 364.
berti, 442. 50000010, Alexander pater, 175.
50000000 61100 Widonis 11οΒ10111- 50000010, Azor 00101, 328
00106, 9. 50000010, 50000000 00101, 378.
50000000 110101 Clementis filii 110- 501100010 de wika, Agatha 11110,
00111, 228, 236. 89.

50000000 110101 Godefridi 11οΕ0100· 50000010 6111 Βο1001111, 0001001100
001, 240. 110101, 360.

50001111006110101 Ηο01101 110 11οζ0 5011000001110100510100, willielmus
23. 1us‚‘ .

 

