mx

Robertus 61155 1511115515, 990, 395,

1151151155 61155 15515, 61.
1151151155 61155 1155511116, 906.
1151151155 61155 15155555, 940.
1151151155 61155 Luce, 179, 991,
1151151155 61155 Μ51111115, Matillidae,
194, 305, 311.
1151151155 61155 Μ5511511, 995.
1151151155 61155 Nigelli, 150, 344,
350, 391.
1151151155 61155011οηί5, 151, 176.
1151151155 61155 Odonis, et Matilda
mffiffissm
Robertus 61155 osberti, 177, 906.
1151151155 61155 Pagani‚ 143, 958,
¹ 984, 340, 400.
’ 1151151155 61155 Ρ5155, 977.
· ’ 11511511556115511511515111, 11551151-
’ phi, Rannulphi‚ 1155516,
16, 17, 39, 37, 79, 87, 96,
Wffimmmffi
936, 349, 371, 408.
1151151155 61155 1156515111, 51 1151155
quoe fuit uxor ejus, 145.
1151151155 61155 115155,115155, 395,
1151151155 61155 115ᾳὶ551111, 993, 333.
1151151155 611115 11155161, 109, 937,
967, 970, 997.
1151151155611551155111, 391.
1151151155 61155 115115111, 34, 105,
ffimfflfflmss
305, 311, 443.
1151151155111155 Rogeri, 113, 356.
1151151155 61155 1155551151, 51 Β55-
11111 uxor ejus, 80.
1151151155 111155 Segari, 164.
1151151155 61155 851555, 905.
1151151155 61155 85115515, 379.
1151151155111155 Simonis, 33, 987,
1151151155 61155 Sweifi, 951.
1151151155 61155 Thomae, et Marga-
1515 quae fuituxor ejus, 937,
11511511556115511155, 936.
1151151155 61155111, 974.

1151 evilim.

577

1151151155 111155 11511511, 119, 150,
155, 157, 165, 955, 958,
979, 985, 307, 379, 383,
385, 386, 411.

1151151155 61155 1151151, 191.

1151151155 6115511111151151, 109, 117,
174, 175, 184, 905, 991,
mmmmm
996, 304, 417.

1151151155 61155 1551151115, 330.

1151151155 61155 115515, 98.

1151151155 61155 1115111, 97.

1151151155 115151 1111115151, 447.

1151151155 pater Ricardi‚ 390.

1151151155 pater willielmi, 49, 383,
384, 400.

1151151155 vir 1155111515, 961.

1151151155 vir 851115, 404.

1151151155 61155 1111115151 6111 Luce,

Robertus frater Augnetis filiae 111-
551111, 155.

1151151155 115151Η551151 6111 1151-
5511, 308.

1151151155 frater Thomae filii Jo-
11515515, 179.

1151151155 115151 11511511 6111 Adoe,

Robertus frater willielmi filii
Turgiig 88

1151151155 61155 Ambrosii de Ρ5115-
11511, 338. ’

1151151155 61155 (1115115111 115111551-
ham, 198.

1151151155 61155 Hugonis deBudeho,

Robertus filius Radulphi de Win-
terburii, 359.

1151151155 61155 1115111111 de Cher·
dintoii, 11.

11555115561155111551111 de 1111511,

1151151155 61155 115115111 de Bele
Perche‚ 131.

1151151155 61155 Sacerdotis de 'sel-
1511, 191.

1151151155 61155 11511511 de Kersen-
11155, 151.

1151151155 6115511191511511151151555-
11155551 Kersebroc‚ 165.

1‘ 1¹

 

