604 191199

1191119111, Nicholaus de, 278. 11991111, &a—mnt.

weluetham, Walterus de, 241. 117, 118, 119, 120121.
Weluinaquae fuit uxor Edolfi, 209. 123, 124, 125, 126127,
1191111911, Ε111191(1119 (19, 99. 128, 129, 130, 131, 131,
1191919119, 1119911199 (19, 182. 133, 134, 135, 137142,
Wenesingestf, hundredum de, 181. 144, 146, 148, 149150,
119999199981911, 165. 151, 153, 156, 162171,
1199199991111, terra, 819. 111, 410. 184, 187, 192, 193194,
1191119991119Η911119119 de, 285. 196, 201, 211, 212, 213,
1191119911ηῇ,11111191119 (19, 280, 285. 217, 236, 245, 258, 261,
Wenlinges, terra de, 25. 272, 273, 275, 301, 3113
119111, 1111119111199 (19, 410. 309, 310, 311, 315, 311,
11919191311111191111119 (19, 279. 317, 319, 320, 321, 992,
119191,.191111111199 de, 324. 323, 324, 327, 330, 311,
1191991999919911149, 376. 333, 334, 335, 336, 957,
1191149111οῆ 111 119111911ιί, 999911 apud, 338, 339, 340, 341, 341,
:lm mmmm&
Wermeholss villa de, 213, 218. 370, 371, 372, 379, 399,

11919191, domus apud, 161. 381, 384, 385, 3911, 313
11911119Ιί9191, ecclesia (19, 429. 399, 400, 401, 403, 411

119191991911, ecclesia de, 63. 409, 411, 413, 414, 415,
119199199911111191111119, 418. 416, 417, 418, 419, 4111
11911919 filius 1119191111, 42, 43. 421, 424, 425, 426, 4111
11911111111191111119, 229. 429, 431, 432 49& 434
11911111 term in, 56. 437, 438, 440, 442, 444
119991, 11111191111119 (19, 385. 445, 450, 453.
1199191991οῆ, terra in, 176. westmonasterii, Abbns, 133 141,
11999199 11111999, de, 19 191, 199, 172, 214, 2⁶¹,
11991, 1191191199 (19, 180. 265, 275, 305, 327, 351
1199 19, homines de, 9. 377, 426, 436.
1199 al, terra in, 9. 119911191111119991091119111991419·
1199111111, 11111191111119 (19, 9. 11999111, 11199919ςί919 111, 54.
119911111111119, terra, 89111, 188. 11991111, pistrinum de, 142
11991119, Alicia de, 287. 11991111, 1111919111 (19, 218.
Westlestede, terra de, 23. Woetxnonasterio, Adam (19, 111
11991111, Wesnnonasterium, 1,2, 3, 239.

4, 9, 1, 9 9, 10, 11,12, wesmonasterio, 1919119991

19 141911, 19 19, 24 westmonasterio, 9199991924

25, 999119 29, 31, 92, wesmonasterio, 9999919416·

33, 34, 35, 36, 38, 39, 42, 11991111, 1199111 (19, 275.

49 44, 49, 41, 49, 91, 52, westffi, 11919, vinitor de, 2¹⁶·

53, 54, 55, 56, 57, 58, 59, 11991111, 1191191199 deDerhurstpater

99, 91, 52, 99 94, 99, 99 11191119 uxoris Adae 19

71, 72, 73, 75, 76, 77, 78, 213.

79, 99, 91, 92, 99, 94 95, westodelesfoffi, hundredum d‘r

.9999999 19

99 94, 95, 95, 97, 99, 100, weston, terra in, 159.

101, 102, 103, 104, 105, 11991011, villata de, 162.
, . 106, 107, 108, 110, 111, 11991911, Alexander de, 51·

112, 113, 114,„115, 116, 119919193111111119 (19395,

 

